
gamma=1 tau=4.0 fixed h/du=0.1: refine G (h=alpha*du -> 0)
   G=12 du=0.909 h=0.0909  1-R2=0.11430 scat=0.04239 res=9.7e-11 (1s)
   G=16 du=0.667 h=0.0667  1-R2=0.10513 scat=0.02156 res=1.0e-10 (29s)
