MARCHING-SQUARES co-area (NO bandwidth).  lin=linear 1-R2, scat=scatter(true deficit), Jensen=lin-scat
   G=14 du=0.4615  1-R2_lin=0.002062  scatter=0.001893  Jensen=0.000169  res=2.5e-01 (69s)
   G=18 du=0.3529  1-R2_lin=0.001978  scatter=0.001809  Jensen=0.000168  res=2.5e-01 (164s)
